00000000000000000000000000000000
00000000000000000111100000000000
00000000000000001100111000000000
00000000000000011000001100000000
00000000000000010000000100000000
00000000000000010000001111100000
00000000000111110000001000110000
00000000001100010000000000011000
00000000011000001000000000001100
00000000010000000000000000000110
00000000010000000000000000000010
00000000011000000000000000000110
00000000001100000000000000001100
00000000000111111111111111111000
00000000000000001111011110000000
00000000000000001110011100000000
00000000000000011110111100000000
00000000000000011100111000000000
00000000000000011000110000000000
00000000000000010000100000000000
