0000000000000000000000000
0000000000111100000000000
0000000001100111000000000
0000000011000001100000000
0000000010000000100000000
0000000010000001111100000
0000111110000001000110000
0001100010000000000011000
0011000001000000000001100
0010000000000000000000110
0010000000000000000000010
0011000000000000000000110
0001100000000000000001100
0000111111111111111111000
0000000000000000000000000
0000001001001001001000000
0000011011011011011000000
0000010010010010010000000
0000000000000000000000000
0000000000000000000000000
