0000000000000000000000000
0000000000001000000000000
0000000000001000000000000
0000010000000000001000000
0000001000011100010000000
0000000001111111000000000
0000000011111111100000000
0000000111111111110000000
0000000111111111110000000
0000001111111111111000000
0001101111111111111011000
0000001111111111111000000
0000000111111111110000000
0000000111111111110000000
0000000011111111100000000
0000001001111111001000000
0000010000011100000100000
0000000000000000000000000
0000000000001000000000000
0000000000001000000000000
