0000000001000000000000000
0000000001000000000000000
0010000000000001000000000
0001000011100010000000000
0000001111111000000000000
0000011111111100000000000
0000111111111110000000000
0000111111110011100000000
0001111111100000110000000
1101111111000000011000000
0001111111000000111110000
0000111111000000100011000
0000110001000000000001100
0001100000100000000000110
0001000000000000000000011
0011000000000000000000001
0001100000000000000000011
0000110000000000000000110
0000011111111111111111100
0000000000000000000000000
